(5 2) (4) (7 5 4 3) (6) (5)             0 0
(4) (7 5 4 3) (6) (5) ()         (5 2)  0 0
(7 5 4 3) (6) (5) () (4)         (5 2)  0 0
(6) (5) () (4) (7 5 4 3)         (5 2)  0 0
(5) () (4) (7 5 4 3) (6 5 2)            1 0
() (4) (7 5 4 3) (6 5 2) ()        (5)  1 0
(4) (7 5 4 3) (6 5 2) ()           (5)  0 0
(7 5 4 3) (6 5 2) () (4)           (5)  0 0
(6 5 2) () (4) (7 5 4 3)           (5)  0 0
() (4) (7 5 4 3) (6 5 2)           (5)  0 0
(4) (7 5 4 3) (6 5 2) (5)               0 1
(7 5 4 3) (6 5 2) (5) ()           (4)  0 1
(6 5 2) (5) () (7 5 4 3)           (4)  0 1
(5) () (7 5 4 3) (6 5 2)           (4)  0 1
() (7 5 4 3) (6 5 2) (5 4)              1 0
(7 5 4 3) (6 5 2) (5 4)                 0 0
(6 5 2) (5 4) ()             (7 5 4 3)  0 0
(5 4) () (6 5 2)             (7 5 4 3)  0 0
() (6 5 2) (5 4)             (7 5 4 3)  0 0
(6 5 2) (5 4) (7 5 4 3)                 0 1
(5 4) (7 5 4 3) ()             (6 5 2)  0 1
(7 5 4 3) () (5 4)             (6 5 2)  0 1
() (5 4) (7 5 4 3)             (6 5 2)  0 1
(5 4) (7 5 4 3) (6 5 2)                 0 2
(7 5 4 3) (6 5 2) ()             (5 4)  0 2
(6 5 2) () (7 5 4 3)             (5 4)  0 2
() (7 5 4 3) (6 5 2)             (5 4)  0 2
(7 5 4 3) (6 5 2) (5 4)          (5 4)  0 3

